Number of components required to explain 98% of the variance: 448



Γενικά κρατάω macro avg αφού όλες οι κλάσεις μου έχουν ισάξια εκπροσώπηση στο dataset
---------------KNN--------------------


Number of neighbors = 1
----------------------
Before PCA:
              precision    recall  f1-score   support

           0       0.43      0.48      0.45      1000
           1       0.65      0.23      0.34      1000
           2       0.24      0.38      0.30      1000
           3       0.30      0.26      0.28      1000
           4       0.26      0.48      0.33      1000
           5       0.36      0.28      0.32      1000
           6       0.33      0.35      0.34      1000
           7       0.57      0.30      0.39      1000
           8       0.40      0.61      0.48      1000
           9       0.60      0.19      0.28      1000

    accuracy                           0.36     10000
   macro avg       0.41      0.36      0.35     10000
weighted avg       0.41      0.36      0.35     10000


After PCA:
              precision    recall  f1-score   support

           0       0.30      0.33      0.31      1000
           1       0.23      0.04      0.06      1000
           2       0.16      0.26      0.19      1000
           3       0.19      0.18      0.19      1000
           4       0.19      0.39      0.25      1000
           5       0.23      0.17      0.19      1000
           6       0.19      0.21      0.20      1000
           7       0.21      0.06      0.09      1000
           8       0.29      0.51      0.37      1000
           9       0.32      0.07      0.12      1000

    accuracy                           0.22     10000
   macro avg       0.23      0.22      0.20     10000
weighted avg       0.23      0.22      0.20     10000


Number of neighbors = 3
----------------------
Before PCA:
              precision    recall  f1-score   support

           0       0.33      0.56      0.41      1000
           1       0.58      0.24      0.34      1000
           2       0.21      0.47      0.29      1000
           3       0.26      0.24      0.25      1000
           4       0.26      0.45      0.33      1000
           5       0.43      0.21      0.28      1000
           6       0.38      0.24      0.29      1000
           7       0.72      0.19      0.31      1000
           8       0.43      0.60      0.50      1000
           9       0.74      0.12      0.20      1000

    accuracy                           0.33     10000
   macro avg       0.43      0.33      0.32     10000
weighted avg       0.43      0.33      0.32     10000


After PCA:
              precision    recall  f1-score   support

           0       0.25      0.43      0.31      1000
           1       0.30      0.07      0.11      1000
           2       0.14      0.33      0.20      1000
           3       0.19      0.18      0.18      1000
           4       0.19      0.38      0.26      1000
           5       0.31      0.13      0.18      1000
           6       0.23      0.15      0.18      1000
           7       0.27      0.03      0.05      1000
           8       0.33      0.51      0.41      1000
           9       0.40      0.04      0.06      1000

    accuracy                           0.22     10000
   macro avg       0.26      0.22      0.19     10000
weighted avg       0.26      0.22      0.19     10000



------------------NEAREST-CENTROID---------------------

Before PCA:
              precision    recall  f1-score   support

           0       0.27      0.53      0.36      1000
           1       0.29      0.20      0.24      1000
           2       0.29      0.10      0.15      1000
           3       0.27      0.07      0.10      1000
           4       0.28      0.12      0.17      1000
           5       0.27      0.29      0.28      1000
           6       0.22      0.54      0.31      1000
           7       0.28      0.18      0.22      1000
           8       0.42      0.37      0.39      1000
           9       0.33      0.41      0.36      1000

    accuracy                           0.28     10000
   macro avg       0.29      0.28      0.26     10000
weighted avg       0.29      0.28      0.26     10000


After PCA:
              precision    recall  f1-score   support

           0       0.26      0.52      0.35      1000
           1       0.26      0.18      0.21      1000
           2       0.29      0.10      0.15      1000
           3       0.22      0.05      0.08      1000
           4       0.25      0.11      0.16      1000
           5       0.26      0.28      0.27      1000
           6       0.21      0.51      0.29      1000
           7       0.21      0.13      0.16      1000
           8       0.40      0.36      0.38      1000
           9       0.31      0.39      0.35      1000

    accuracy                           0.26     10000
   macro avg       0.27      0.26      0.24     10000
weighted avg       0.27      0.26      0.24     10000